>> a=randint(7,7,[-100,100])+i*randint(7,7,[-100,100])

a =

  63 +51i   9 +92i  60 +40i -93 +68i  31 -50i  65 +84i  53 -90i
  82 -45i  92 -32i -72 +79i  70 -49i -66 +23i  39 -43i  59 + 6i
 -75 +36i  93 +17i -16 +92i  87 +63i  41 - 5i -37 +52i -63 +56i
  83 +31i -69 -56i  84 + 9i  36 -52i -94 -30i  90 +51i  -2 +87i
  27 -68i  95 +51i  59 -73i  52 +86i -45 +66i -94 -24i -11 -74i
 -81 -77i  92 -49i  92 -70i  49 -30i -91 +17i -12 +14i  29 +14i
 -45       -3 + 1i  31 -49i -22 -61i -81 +10i -24 -85i  42 - 6i

>> [q,h]=hess(a)

q =

 1        0                  0                  0                  0                  0                  0          
 0  -0.3937 + 0.2160i  -0.3141 + 0.3564i  -0.3444 + 0.0470i  -0.4741 + 0.2289i  -0.0487 + 0.1291i  -0.1871 - 0.3473i
 0   0.3601 - 0.1728i  -0.2781 + 0.0870i   0.2139 - 0.1085i  -0.0181 - 0.2459i  -0.0036 - 0.1934i  -0.7459 - 0.2087i
 0  -0.3985 - 0.1488i   0.1653 + 0.1790i  -0.2985 - 0.4065i   0.6139 + 0.0204i   0.2007 - 0.1616i  -0.1505 - 0.1976i
 0  -0.1296 + 0.3265i  -0.4405 - 0.5127i  -0.0317 - 0.2270i   0.0915 + 0.1684i   0.3436 + 0.1988i  -0.2196 + 0.3531i
 0   0.3889 + 0.3697i   0.0923 + 0.0576i  -0.1829 - 0.5908i   0.0458 - 0.0006i  -0.4847 + 0.2733i   0.0543 - 0.0564i
 0   0.2160             0.2781 - 0.2899i  -0.2844 - 0.2268i  -0.3941 + 0.3009i   0.2031 - 0.6072i   0.0023 - 0.0617i

h =

   1.0e+02 *

  Columns 1 through 6

   0.6300 + 0.5100i   0.7026 + 0.1036i  -1.3280 - 0.5976i   0.5507 - 0.5735i  -0.5458 + 0.3868i  -0.9023 - 0.7083i
  -2.0830            -1.1486 + 0.0904i  -0.1806 - 0.0408i   0.3531 + 0.6829i   0.0782 + 0.5890i   0.0652 + 0.3468i
        0             2.3932             0.5897 - 0.5343i  -0.1593 + 0.1704i  -0.2512 - 1.1211i  -0.2492 - 0.4594i
        0                  0            -2.1075             0.7462 - 0.1783i   0.5601 + 0.0964i   0.8449 + 0.1442i
        0                  0                  0             1.3473             0.3727 - 0.1583i  -0.2906 + 0.0322i
        0                  0                  0                  0             0.6296            -0.0560 + 0.2706i
        0                  0                  0                  0                  0            -0.4466          

  Column 7

   0.3498 - 0.3522i
  -0.6408 + 0.6844i
  -0.3778 + 0.3648i
   0.7913 - 0.8099i
  -0.4325 + 0.5625i
  -0.0039 + 0.2142i
   0.4660 + 1.3300i

>> format long
>> q

q =

  Columns 1 through 3

  1.000000000000000                                       0                                       0                     
                  0                      -0.393667023579627 + 0.216036781232722i -0.314094469891717 + 0.356442381034184i
                  0                       0.360061302054537 - 0.172829424986178i -0.278059729179251 + 0.086950378917351i
                  0                      -0.398467840940354 - 0.148825338182542i  0.165294335515725 + 0.178969077268983i
                  0                      -0.129622068739633 + 0.326455580529447i -0.440496755223331 - 0.512658703853826i
                  0                       0.388866206218900 + 0.369662936775991i  0.092259998481724 + 0.057610963881902i
                  0                       0.216036781232722                       0.278106361556826 - 0.289885057931456i

  Columns 4 through 6

                  0                                       0                                       0                     
 -0.344356956686746 + 0.047034567930250i -0.474138507792145 + 0.228939698529385i -0.048703232727223 + 0.129087752609745i
  0.213886757035469 - 0.108510863082428i -0.018105328222952 - 0.245897647522580i -0.003644688214603 - 0.193393175402528i
 -0.298490892313345 - 0.406548637825702i  0.613874294927179 + 0.020414252696524i  0.200735929034557 - 0.161560315528389i
 -0.031709518344022 - 0.226959563018703i  0.091496421375341 + 0.168434864874216i  0.343625374527774 + 0.198830167516600i
 -0.182918693452123 - 0.590771879321387i  0.045790830228358 - 0.000621240460355i -0.484705801237945 + 0.273250435001836i
 -0.284367411578986 - 0.226833975560378i -0.394134236037416 + 0.300909556667804i  0.203102573450554 - 0.607194772363818i

  Column 7

                  0                     
 -0.187087626848880 - 0.347269016011784i
 -0.745880524385835 - 0.208664080102069i
 -0.150530782241759 - 0.197557803997523i
 -0.219600775653075 + 0.353092290211875i
  0.054272742435049 - 0.056414217340322i
  0.002333596336029 - 0.061669983434315i

>> h

h =

   1.0e+02 *

  Columns 1 through 3

  0.630000000000000 + 0.510000000000000i  0.702551612568812 + 0.103553630470885i -1.328041923695743 - 0.597646957478005i
 -2.082978636472300                      -1.148554208536923 + 0.090368304600350i -0.180617508931318 - 0.040786364785215i
                  0                       2.393188778829296                       0.589702620980009 - 0.534342031729204i
                  0                                       0                      -2.107472286740274                     
                  0                                       0                                       0                     
                  0                                       0                                       0                     
                  0                                       0                                       0                     

  Columns 4 through 6

  0.550698263978387 - 0.573458143716909i -0.545791251789191 + 0.386795657422394i -0.902278083099939 - 0.708252302797370i
  0.353139949844168 + 0.682932044211602i  0.078210187539733 + 0.588990731552144i  0.065182769448165 + 0.346781974601844i
 -0.159281083186580 + 0.170359331079227i -0.251223880342510 - 1.121070632698867i -0.249204780476589 - 0.459371540998364i
  0.746153586742976 - 0.178321253332699i  0.560096450015507 + 0.096426076872493i  0.844938191402108 + 0.144209139542612i
  1.347253455466775                       0.372700277433417 - 0.158322754823362i -0.290609692968058 + 0.032196723782037i
                  0                       0.629648571456818                      -0.055974137810195 + 0.270617811036104i
                  0                                       0                      -0.446605769728780                     

  Column 7

  0.349788810696267 - 0.352164127920468i
 -0.640843913253246 + 0.684416419768159i
 -0.377770056709010 + 0.364754494220939i
  0.791257120897249 - 0.809917368609556i
 -0.432469614963415 + 0.562535030644346i
 -0.003884356275709 + 0.214245144509150i
  0.465971861190714 + 1.329999924248811i

>> 
